#binding regions identified for Fis in mid-exponential phase
2652 2994
4083 4232
6332 6553
7424 7646
10440 10549
12340 12492
13905 14823
18789 19115
19532 19756
20973 21971
22194 22814
31300 31349
33433 33451
35946 36531
50447 50718
51399 51647
53439 53618
57716 58050
64943 65095
69944 70392
71885 72014
77405 77639
78661 78961
80711 81442
81969 82660
86650 86734
87537 87890
89151 90056
95850 96225
99195 99467
102637 102982
106296 106864
107407 107765
115644 115951
121207 122297
122671 123201
129354 129584
131191 131450
131980 132253
134077 134344
135073 135141
136363 137061
138881 139101
141516 141922
142717 143026
144925 145130
146272 146495
150707 151164
151597 151861
154236 154465
155237 155609
159012 159224
160685 160827
161532 161813
167189 167532
169827 169957
175071 175143
175397 175424
176413 176760
183905 184095
184592 184860
185928 186754
188502 188612
190138 190383
191079 191422
193746 194142
196777 197180
197455 197735
202160 202359
203718 203810
205157 205228
208169 208701
210014 210216
215099 215274
219785 219852
222247 222639
223151 223583
230352 230421
231038 232666
233819 234093
235008 235046
235857 236459
242267 242454
245754 245910
246365 246678
246934 247108
247660 247851
250734 251271
254087 254187
255762 256876
258216 258529
261796 262486
268565 268645
272284 272579
280010 280107
281255 281543
292966 293152
295713 295991
301653 302003
304662 304971
305368 305871
306110 306328
311358 311787
312874 313156
315870 315954
318530 318610
320004 320161
321800 321930
322893 323065
323315 323480
327188 327433
332377 332587
333259 333989
334380 334520
342849 343136
344190 344607
344826 345013
345608 345985
351335 351555
357341 357402
358612 358852
365541 366899
368301 368448
369944 370023
376992 377234
378539 378609
379089 379282
404269 404385
405902 406236
407104 407491
408944 409132
418317 418959
421536 421864
424025 424283
431769 431855
432274 432564
433847 433937
436868 437228
437790 438015
439301 439584
453343 453669
454175 454244
454806 455068
456048 456269
457720 458103
458427 458608
459439 459759
471466 471818
475368 476056
479392 479464
483059 483491
484742 484982
487144 487185
490388 490726
492641 492855
498501 498889
499283 499517
506448 506585
509827 509928
516387 516693
517285 517534
528803 529081
529985 530303
531260 531551
532098 532279
536185 536444
539187 539416
540564 540620
543010 543436
545389 545636
553200 554713
558317 558495
559966 560071
562321 562664
563535 563974
579145 579148
579513 579628
581552 581709
586557 586816
589028 589284
592443 592704
594486 594742
601695 601876
606758 607018
611665 612024
626687 626744
627398 627404
628978 629128
633170 633378
634428 634451
635188 635305
636366 636648
637336 637527
640108 640145
641174 641423
641899 642208
642551 643548
643939 644488
645483 645561
646731 647576
647974 648190
651874 651972
652762 652917
653793 654042
654433 654962
655297 655650
656552 656818
657082 657305
657910 658223
659169 659481
659714 660120
661788 662171
662624 662780
663613 663800
664288 664494
665671 665948
666736 667019
672737 672854
673397 673631
674154 674249
676098 676317
676807 677442
679010 679059
682090 682201
684998 685352
685655 685782
690207 690391
692808 693131
694109 694228
696441 696695
698345 698475
698954 699581
705000 705473
709613 709930
711026 711428
711786 712303
716127 716238
716469 716717
720437 720542
722813 723201
737632 737672
739446 739782
744000 744200
746096 746286
747608 747945
748289 748555
748967 749152
749928 750046
751191 751245
752272 752411
752712 752875
755795 755979
757980 758067
759585 759768
761024 761144
763211 763523
769574 769866
774054 774296
775542 775917
776278 776397
776625 776956
781692 781961
783410 783985
786888 787062
794035 794137
797355 797643
798760 799321
801259 801581
804053 804206
811960 812774
817317 817385
820729 821095
825338 825558
826840 827060
829788 829854
835350 835805
837277 837412
839259 839459
840004 840227
840966 841597
847301 847995
850811 851069
852084 852426
853149 853348
854069 854170
855493 855586
859163 859223
860741 860792
866374 866515
869675 869781
870661 870915
872972 873266
873507 873659
873868 874043
874245 874526
874759 874873
877057 877756
878965 879066
879705 879832
881318 881644
882194 882696
885369 885450
889286 889937
891746 891827
892160 892208
892497 892624
892921 893256
896401 897162
900211 900515
901533 901816
902520 902716
910516 910540
915517 915697
920068 920403
921337 922043
923052 923194
932830 933201
935626 935914
938457 938648
945006 945098
947154 947589
949478 949576
955554 955738
959218 959414
960218 960439
965520 965897
968155 968235
969107 969541
970080 970176
970890 970990
973882 974203
975162 975393
976772 977119
986546 987796
994362 994544
998997 999239
1004890 1005365
1005602 1006129
1011047 1011134
1011607 1011925
1014063 1014102
1014617 1015064
1019277 1019435
1026276 1026481
1027410 1027581
1028107 1028353
1030861 1031146
1032899 1033060
1040051 1040281
1044769 1044937
1045642 1045792
1046973 1047223
1051068 1052040
1054141 1054615
1055200 1055217
1056366 1056896
1058668 1058816
1059353 1059595
1062085 1062362
1062982 1063303
1064270 1064564
1064884 1065072
1066134 1066264
1072589 1072872
1073218 1073542
1074184 1074432
1075989 1076077
1077857 1077858
1082071 1082121
1083608 1083882
1090989 1091246
1095871 1095973
1096959 1097497
1101740 1101881
1103277 1103537
1104234 1104468
1105064 1105311
1107232 1107504
1108473 1108752
1108986 1109151
1111130 1111184
1114884 1115081
1115487 1115796
1139725 1139871
1145806 1146041
1150470 1150685
1150985 1151072
1155352 1155358
1156255 1156446
1157357 1157479
1159976 1160030
1164960 1165264
1169751 1169958
1177776 1177913
1179047 1179376
1183666 1183844
1184964 1185251
1185480 1185599
1198518 1198624
1199572 1199769
1207036 1207156
1208830 1208985
1216441 1216676
1217961 1218186
1221648 1221902
1224045 1224183
1225338 1226147
1229812 1229961
1232267 1232440
1237866 1238051
1239305 1239617
1243822 1244110
1245919 1246121
1246673 1246933
1248749 1249944
1252140 1252157
1253039 1253306
1257969 1257983
1260764 1261112
1267080 1267355
1270550 1270647
1271013 1271710
1272411 1272671
1286849 1287152
1287578 1287870
1290449 1290607
1290925 1291011
1291551 1291840
1292460 1292535
1299196 1299456
1306660 1306857
1308049 1308446
1308808 1308923
1320879 1321091
1322141 1322261
1325361 1325377
1328168 1328315
1328547 1328926
1330478 1330719
1333997 1334213
1334752 1335064
1336490 1336845
1338076 1338568
1342686 1343057
1345880 1345884
1348752 1349237
1353038 1353134
1357055 1357369
1359065 1359295
1361243 1361421
1364919 1364981
1373449 1373518
1378088 1378241
1381502 1381665
1382135 1382320
1387142 1387477
1390265 1390555
1390801 1391175
1393008 1393273
1393793 1393878
1396127 1396412
1397007 1397409
1399307 1399551
1407069 1407230
1418553 1418639
1420222 1420374
1429575 1429674
1435229 1435386
1439560 1439627
1440107 1440210
1444348 1444625
1450117 1450357
1454426 1454736
1462378 1462529
1465261 1465368
1474338 1474549
1478485 1478562
1479243 1479459
1483499 1483729
1484180 1484475
1487447 1487959
1489436 1489725
1495938 1496050
1498022 1498294
1498599 1498817
1504100 1504290
1504882 1504893
1505818 1506098
1512918 1512939
1515236 1515557
1517950 1518342
1521338 1521467
1522582 1522619
1524102 1524278
1528440 1528682
1532098 1532220
1532617 1532626
1557655 1557936
1561092 1561320
1574734 1574759
1576502 1576827
1578105 1578151
1591920 1592039
1593999 1594233
1598407 1598702
1599225 1599670
1616879 1617193
1617741 1617742
1635886 1636106
1638474 1638483
1657925 1657963
1658392 1658442
1666650 1666774
1676229 1676338
1677835 1678147
1679135 1679218
1683736 1683903
1687142 1687191
1689972 1690026
1694190 1694658
1695035 1695580
1699872 1699965
1704484 1704697
1709737 1709976
1710557 1710883
1712339 1712345
1718964 1719129
1721091 1721381
1722185 1722302
1730747 1730842
1732249 1732311
1735876 1736080
1739631 1739660
1740803 1741131
1744192 1744503
1744874 1745086
1745310 1745483
1749065 1749310
1756732 1756939
1758678 1758858
1760055 1760199
1762758 1763376
1768197 1768300
1772237 1772595
1778426 1778704
1780550 1780662
1788984 1789197
1790865 1790997
1799413 1799695
1805361 1805692
1807091 1807280
1808113 1808144
1812392 1812591
1818816 1818923
1819304 1819617
1821348 1821634
1822438 1822615
1822821 1823007
1826737 1826929
1830246 1830435
1833099 1833314
1852709 1853024
1856576 1856644
1859893 1860151
1860434 1860435
1867982 1868273
1871231 1871451
1871957 1872182
1875647 1875820
1876851 1877044
1878366 1878464
1888173 1888194
1890717 1891062
1893956 1894329
1896279 1896524
1902417 1902682
1903091 1903290
1904149 1904178
1906452 1907337
1910214 1910246
1913996 1914312
1914807 1914960
1919565 1919901
1921003 1921274
1924063 1924921
1932752 1932877
1935453 1935751
1936181 1936374
1938182 1938479
1938993 1940010
1947044 1947151
1951124 1951298
1951563 1951604
1952721 1953102
1954459 1954571
1956366 1957236
1957914 1958207
1958687 1958751
1968269 1968664
1972369 1972576
1974266 1974430
1974959 1975331
1978630 1979330
1980440 1980782
1983281 1983326
1984326 1984595
1985112 1985303
1986170 1986543
1987194 1987417
1989538 1989655
1991189 1991355
1993589 1993926
1996747 1997148
1997485 1997702
1998173 1998311
2005366 2005550
2006003 2006474
2008230 2008255
2010578 2010757
2016149 2016322
2017353 2017741
2019006 2019595
2021406 2021434
2022897 2022967
2026462 2026479
2027823 2028172
2028715 2028812
2029055 2029398
2030345 2031229
2031432 2031570
2032218 2032269
2036250 2036493
2038969 2039123
2040670 2041010
2041618 2041723
2042181 2042567
2043338 2043486
2048524 2048551
2051328 2051633
2052101 2052384
2054863 2055083
2056193 2056342
2056779 2056920
2058253 2058530
2060155 2060238
2073992 2074320
2078775 2079230
2079600 2079800
2080006 2080607
2081865 2082227
2085214 2085396
2087808 2088054
2090459 2090760
2090971 2091115
2093029 2093211
2099095 2099242
2099562 2099696
2109314 2109515
2111464 2111769
2112516 2112997
2119933 2120076
2123087 2123226
2125154 2125389
2126970 2127009
2127875 2128174
2135042 2135165
2137647 2137873
2142286 2142786
2149959 2149974
2150288 2150556
2155105 2155235
2163026 2163295
2163879 2163997
2176525 2176941
2177558 2177888
2180972 2181257
2186675 2186754
2188463 2188773
2190829 2191243
2202365 2202468
2207909 2208425
2209394 2209679
2211958 2212224
2212650 2213004
2218730 2218868
2219793 2220285
2222953 2223202
2223522 2223914
2227588 2227699
2230804 2230822
2231641 2231813
2233367 2233521
2239576 2239874
2241267 2241622
2242093 2242201
2257506 2257667
2261674 2261856
2262538 2262833
2265476 2265733
2266803 2266823
2267150 2268487
2276512 2276768
2279324 2279597
2283799 2284538
2293317 2294253
2299767 2299892
2301540 2301592
2310526 2310786
2311266 2311470
2312419 2312660
2313315 2314367
2317700 2317885
2325369 2325462
2331800 2332006
2333851 2334121
2338041 2338170
2341468 2341771
2342426 2342657
2350233 2350515
2360334 2360546
2361479 2361537
2362232 2362327
2365875 2366051
2367607 2367894
2368388 2368546
2369680 2369961
2382080 2382339
2387788 2388059
2397402 2397907
2402818 2403142
2403394 2403849
2411171 2411628
2414774 2415368
2417980 2418257
2419870 2420018
2427286 2427322
2428640 2429033
2431042 2431162
2431655 2432052
2432309 2432646
2436296 2436629
2439775 2439990
2440817 2441039
2442751 2442801
2444208 2444403
2452686 2453518
2453881 2454128
2454785 2455179
2455680 2456112
2458904 2459496
2459705 2460017
2462520 2462554
2464175 2464343
2468664 2468720
2474316 2474647
2475644 2476004
2480700 2480759
2482105 2482477
2484768 2484906
2486494 2486814
2488282 2488523
2492775 2492986
2493305 2493620
2493991 2494653
2495796 2495960
2496273 2496393
2496679 2496701
2498433 2498522
2498797 2499018
2501625 2502088
2515605 2516526
2518701 2519004
2519858 2519871
2523443 2523693
2525464 2525647
2526704 2526923
2529238 2530441
2531158 2532438
2533638 2533948
2537404 2537881
2540960 2541468
2542679 2542821
2543394 2543566
2544766 2545016
2550096 2550431
2551063 2551112
2558330 2558803
2559101 2559194
2560193 2560394
2561220 2561640
2570546 2570884
2571245 2571248
2571863 2572176
2575808 2576046
2576707 2576992
2577267 2577524
2580804 2580901
2585641 2586002
2589699 2589823
2592785 2593161
2594576 2594608
2596308 2596746
2599969 2600055
2602638 2602880
2604536 2604701
2606479 2606526
2612904 2613053
2613315 2613622
2615090 2615321
2618758 2618871
2620431 2620857
2627325 2627504
2628129 2628231
2632949 2633603
2634851 2635120
2641825 2642501
2650106 2650357
2651068 2651213
2652757 2653067
2654670 2654791
2655532 2655795
2659796 2660101
2662604 2662791
2666020 2666416
2669040 2669691
2671479 2671746
2673024 2673378
2673708 2673883
2678138 2678276
2691268 2691528
2692229 2692517
2694322 2694538
2696935 2697279
2701582 2701812
2708515 2708808
2714375 2714828
2716849 2717160
2718941 2719192
2721423 2721690
2729407 2729853
2731462 2732603
2734730 2735134
2737211 2737375
2738028 2738723
2739696 2739728
2741355 2742762
2745381 2746198
2750307 2750648
2752026 2752149
2753353 2753958
2760194 2760342
2763199 2763516
2764458 2764779
2765839 2766126
2769710 2769982
2771159 2771383
2776420 2776845
2777703 2777824
2779029 2779297
2786872 2787136
2792824 2792965
2793170 2793474
2794255 2794553
2795408 2796051
2796873 2797349
2800123 2800320
2804222 2804362
2805648 2805840
2808530 2808764
2810961 2811162
2812699 2813050
2816770 2816819
2820311 2820542
2820856 2820910
2823237 2823427
2837308 2837749
2842109 2842333
2845423 2845441
2846030 2846094
2847523 2847725
2859634 2859663
2861687 2862081
2863524 2863851
2865985 2866377
2868699 2868930
2873236 2873702
2874729 2875562
2879572 2880085
2881580 2882111
2883069 2883450
2884156 2884215
2884790 2885028
2886302 2886445
2887705 2888270
2891898 2892185
2905106 2905333
2908849 2909149
2912120 2912390
2913162 2913410
2914449 2914642
2917955 2918265
2921997 2922260
2922982 2923333
2923803 2923835
2925644 2925842
2931662 2931878
2932566 2933352
2933632 2933949
2935780 2935963
2936965 2937198
2938274 2938569
2939755 2940115
2945115 2945539
2946919 2947220
2947802 2948007
2953246 2953404
2955281 2955635
2956339 2957352
2958281 2958656
2963699 2963966
2964990 2965314
2967172 2967853
2969187 2969421
2973412 2973686
2976588 2976822
2977778 2978430
2983739 2984093
2985634 2985745
2996968 2997762
3003533 3003886
3005670 3006053
3008166 3008570
3010162 3010189
3011316 3011604
3012429 3012734
3014253 3014322
3015085 3015340
3025013 3025078
3025310 3025466
3025711 3025940
3026389 3026572
3027642 3027815
3028376 3028716
3029288 3029458
3029715 3029837
3032083 3032199
3034348 3034413
3035137 3035461
3038557 3038957
3041314 3041635
3044130 3044605
3046296 3046587
3048513 3048844
3049071 3049278
3052032 3052695
3054680 3055014
3061825 3062042
3067312 3068694
3069552 3069682
3070057 3071097
3071327 3072066
3072409 3072594
3073974 3074061
3076664 3076794
3078781 3078810
3080357 3080569
3084185 3085031
3088088 3088446
3090751 3091079
3093146 3093192
3094793 3095391
3097107 3097378
3100075 3100744
3101942 3102609
3105006 3105160
3106585 3106856
3107294 3107679
3108161 3109055
3110655 3112163
3120634 3120959
3121824 3122050
3122415 3122712
3125228 3125661
3125925 3126300
3133920 3134175
3134733 3135020
3136048 3136277
3136529 3137086
3142230 3142624
3144609 3146121
3148669 3149776
3151717 3151986
3153215 3153522
3155942 3156215
3156919 3157580
3159000 3159464
3160526 3160969
3163103 3163278
3165433 3165748
3168026 3168050
3168486 3168824
3169453 3169864
3170372 3170899
3171516 3171783
3175886 3176087
3177526 3177952
3182920 3183187
3187270 3187625
3191247 3191749
3193153 3193424
3210588 3210785
3213378 3213974
3215157 3215444
3216936 3217669
3237193 3238825
3250272 3250391
3251125 3251286
3260626 3260778
3263037 3263350
3264754 3265050
3265757 3265943
3269055 3269112
3272159 3272289
3274761 3275165
3275403 3275589
3277155 3277264
3283878 3284019
3284245 3284524
3290421 3290727
3291220 3291545
3291760 3291947
3297726 3297859
3298093 3298222
3302173 3302577
3303431 3303769
3304474 3305364
3306976 3307379
3314677 3315524
3315767 3316049
3320456 3321162
3322291 3322581
3325977 3326173
3326454 3327190
3329965 3330428
3331338 3332007
3333808 3335066
3335591 3335987
3337945 3338531
3344353 3344869
3345829 3346489
3348270 3348602
3350254 3350523
3359585 3359838
3360897 3361518
3364791 3365103
3365434 3365499
3366655 3366947
3370337 3370641
3372257 3372309
3374513 3375766
3376750 3377186
3377900 3378214
3381112 3381232
3382350 3382773
3383639 3384294
3384500 3384784
3386920 3386951
3387731 3388028
3389279 3389510
3399102 3399378
3399674 3400436
3402320 3402970
3404222 3404761
3405210 3405826
3407845 3408837
3412064 3412130
3413142 3414558
3417740 3418001
3427115 3427237
3428381 3428681
3432265 3433345
3433597 3433953
3436535 3437727
3445578 3445659
3451329 3451647
3453731 3454303
3454670 3454950
3456374 3456602
3464795 3465421
3472377 3473978
3474684 3474803
3480534 3480630
3485304 3485780
3489909 3492235
3499617 3500509
3502479 3502651
3505676 3506042
3514961 3515301
3518613 3519390
3520680 3521011
3523986 3524185
3525561 3526162
3530308 3530738
3534656 3534748
3536472 3536813
3537583 3538722
3542059 3542348
3550289 3550738
3555766 3555988
3556340 3556444
3557070 3557205
3561936 3562183
3564407 3564750
3567397 3567753
3572297 3573020
3574669 3575198
3577604 3577888
3578378 3579114
3583124 3583585
3584471 3584672
3588824 3589565
3589975 3590296
3592764 3593118
3595460 3596025
3603201 3603415
3606812 3607553
3608228 3608746
3609268 3609923
3611668 3612132
3621574 3621765
3623586 3624339
3628953 3629311
3629585 3629763
3633049 3633488
3635468 3635690
3638985 3639561
3641502 3641697
3644723 3644913
3645744 3646281
3646531 3646668
3646960 3647654
3648497 3648558
3652103 3652190
3653398 3653600
3654480 3654725
3654988 3655591
3662252 3662590
3663431 3663434
3669645 3669907
3670109 3671052
3672263 3673551
3675641 3676053
3676371 3677818
3678960 3680355
3683645 3684388
3686428 3686977
3692870 3693011
3693242 3694451
3694802 3695172
3696535 3697113
3705340 3707684
3708041 3708330
3710268 3710927
3714889 3715385
3717190 3717346
3717569 3718366
3722480 3724221
3724531 3725016
3731359 3731619
3733146 3733196
3735358 3736500
3737413 3737755
3740415 3742005
3750388 3750593
3754218 3755210
3756069 3756227
3768846 3769107
3769508 3769675
3769888 3770837
3774796 3775113
3775567 3775937
3779409 3779782
3780085 3780876
3783101 3783378
3790138 3790850
3793347 3793619
3804351 3804614
3804845 3805019
3806125 3806476
3806811 3807402
3809339 3809461
3811102 3812410
3815128 3816721
3819800 3820266
3824948 3825302
3826628 3827171
3829458 3829778
3831252 3832366
3832604 3833911
3834228 3834600
3835003 3835703
3836036 3836305
3836607 3837144
3837701 3837781
3839273 3840060
3840759 3841780
3843493 3844064
3848627 3849042
3850732 3851501
3853815 3855147
3857430 3857575
3861321 3862125
3865052 3866913
3867698 3867929
3868271 3868609
3872123 3874289
3875273 3875403
3879485 3879968
3881997 3882499
3889165 3889516
3895291 3896411
3896771 3897196
3897566 3897696
3897997 3898565
3899361 3899469
3899924 3900209
3900843 3901084
3902825 3903102
3908577 3908943
3909253 3909518
3909748 3910006
3920527 3920715
3923851 3924079
3924497 3924783
3928760 3929425
3930353 3931093
3935146 3937689
3939029 3939612
3945285 3945505
3948033 3948801
3957563 3958208
3958497 3958850
3963131 3964414
3964961 3966043
3967078 3967389
3967913 3971132
3974738 3976241
3977935 3979313
3979773 3980501
3980809 3981039
3995358 3996054
4003553 4004036
4007001 4009247
4010831 4010986
4014096 4014610
4016268 4016736
4018433 4018789
4019416 4020073
4020522 4022087
4027382 4027906
4028205 4029185
4030862 4031274
4031843 4032208
4032701 4033255
4040641 4040760
4042141 4042339
4042707 4043475
4045624 4046045
4046780 4046817
4047434 4047797
4049191 4049477
4049795 4050648
4051659 4052148
4055956 4056819
4059478 4059559
4061439 4061664
4062346 4062663
4063089 4063219
4067662 4068322
4071272 4072651
4072898 4073344
4085073 4085563
4085764 4086049
4086634 4086836
4089648 4089765
4089991 4090784
4095383 4095999
4098271 4100101
4100877 4101032
4102607 4102950
4104340 4105050
4105260 4105637
4107601 4108297
4108779 4109475
4109939 4110100
4111049 4111224
4111436 4112343
4117093 4117596
4118123 4119270
4121267 4121355
4126354 4126804
4130507 4130668
4131325 4131584
4132145 4132529
4133749 4134308
4135537 4135931
4141343 4142081
4143461 4143888
4145642 4146286
4156254 4156613
4156938 4157645
4158821 4159189
4161176 4161875
4164060 4164429
4170019 4170327
4173142 4173512
4176015 4176855
4178805 4179272
4187775 4187990
4194076 4194413
4196829 4198472
4199479 4199951
4213149 4213849
4214244 4214563
4216744 4217266
4217648 4218003
4218257 4218381
4220764 4221034
4221600 4221923
4228297 4229718
4231502 4231737
4233117 4233434
4237830 4238857
4240887 4241900
4242178 4242505
4242813 4243138
4244434 4244747
4258625 4258725
4261801 4262171
4266110 4266382
4267241 4269430
4271809 4272305
4272955 4275039
4275699 4277170
4277940 4277955
4281254 4281527
4285311 4286060
4291734 4292747
4294979 4296846
4297346 4297518
4302125 4302322
4305765 4306538
4307176 4307529
4309111 4309821
4314056 4314527
4323453 4323934
4324522 4324806
4327024 4328586
4328845 4329206
4333133 4333255
4333747 4333788
4334857 4335379
4336145 4336613
4337839 4338481
4341940 4342315
4345268 4346152
4346807 4347056
4348288 4348840
4349776 4350087
4350306 4350574
4356165 4356418
4358544 4358546
4360126 4360371
4360654 4361394
4361739 4361882
4362788 4363392
4364753 4367033
4367583 4367796
4368253 4368660
4373275 4373941
4379835 4380750
4383454 4383696
4384445 4384517
4388428 4388526
4390043 4390424
4397274 4397541
4399407 4399734
4400200 4400209
4401936 4403268
4405245 4405355
4406966 4407269
4411033 4411101
4413031 4413423
4413756 4413810
4414942 4415449
4419327 4419752
4422044 4423549
4423853 4424591
4424839 4425055
4425836 4426422
4434432 4434713
4436700 4436807
4439198 4440281
4441145 4441461
4444050 4444411
4447802 4448156
4451518 4451566
4452457 4453278
4454124 4454854
4457955 4458262
4460477 4461237
4470371 4470482
4475489 4475591
4476499 4477113
4479933 4480308
4481998 4482050
4487982 4488592
4490835 4490953
4491912 4492068
4493926 4494565
4497652 4498140
4498983 4499257
4501016 4501801
4503793 4504050
4504839 4505046
4508046 4508283
4518243 4518766
4520503 4520887
4521186 4521583
4525466 4526138
4526507 4526840
4529324 4530565
4530861 4531042
4533419 4533803
4534293 4534660
4537825 4538592
4539115 4539264
4539520 4539532
4540030 4540434
4545591 4545851
4555551 4555766
4557425 4557846
4558724 4559158
4560872 4561545
4562989 4563497
4566487 4566954
4567487 4567707
4569940 4570251
4570796 4570846
4571175 4571369
4572272 4572515
4578264 4578384
4578599 4579172
4582737 4583008
4588137 4589791
4599626 4599984
4604363 4604722
4605203 4605400
4606233 4606385
4607217 4607372
4609290 4609522
4609809 4610181
4626815 4627056
4635823 4636197
